test_output/google_earth_terrain_002.asc
ncols 640
nrows 640
xllcorner -10018754.171395
yllcorner -20037508.343039
cellsize 15654.303393
NODATA_value -9999
[rows 136 to 169 of 640, columns 450 to 524 of 640]
1147.216 1147.222 1147.229 1147.235 1147.241 1147.247 1147.254 1147.260 1147.266 1147.272 1147.279 1147.285 1147.291 1147.297 1147.304 1147.310 1147.313 1147.313 1147.313 1147.313 1147.313 1147.313 1147.313 1147.313 1147.313 1147.313 1147.313 1147.313 1147.313 1147.313 1147.313 1147.313 1147.313 1147.313 1147.313 1147.313 1147.313 1147.313 1147.313 1147.313 1147.313 1147.313 1147.313 1147.313 1147.313 1147.313 1147.313 1147.313 1147.313 1147.313 1147.313 1147.313 1147.313 1147.313 1147.313 1147.313 1147.313 1147.313 1147.313 1147.313 1147.313 1147.313 1147.313 1147.313 1147.313 1147.313 1147.313 1147.313 1147.313 1147.313 1147.313 1147.313 1147.313 1147.313 1147.313
1120.263 1120.269 1120.276 1120.282 1120.288 1120.294 1120.301 1120.307 1120.313 1120.319 1120.326 1120.332 1120.338 1120.344 1120.351 1120.351 1120.351 1120.351 1120.351 1120.351 1120.351 1120.351 1120.351 1120.351 1120.351 1120.351 1120.351 1120.351 1120.351 1120.351 1120.351 1120.351 1120.351 1120.351 1120.351 1120.351 1120.351 1120.351 1120.351 1120.351 1120.351 1120.351 1120.351 1120.351 1120.351 1120.351 1120.351 1120.351 1120.351 1120.351 1120.351 1120.351 1120.351 1120.351 1120.351 1120.351 1120.351 1120.351 1120.351 1120.351 1120.351 1120.351 1120.351 1120.351 1120.351 1120.351 1120.351 1120.351 1120.351 1120.351 1120.351 1120.351 1120.351 1120.351 1120.351
1093.310 1093.316 1093.322 1093.329 1093.335 1093.341 1093.348 1093.354 1093.360 1093.366 1093.373 1093.379 1093.385 1093.388 1093.388 1093.388 1093.388 1093.388 1093.388 1093.388 1093.388 1093.388 1093.388 1093.388 1093.388 1093.388 1093.388 1093.388 1093.388 1093.388 1093.388 1093.388 1093.388 1093.388 1093.388 1093.388 1093.388 1093.388 1093.388 1093.388 1093.388 1093.388 1093.388 1093.388 1093.388 1093.388 1093.388 1093.388 1093.388 1093.388 1093.388 1093.388 1093.388 1093.388 1093.388 1093.388 1093.388 1093.388 1093.388 1093.388 1093.388 1093.388 1093.388 1093.388 1093.388 1093.388 1093.388 1093.388 1093.388 1093.388 1093.388 1093.388 1093.388 1093.388 1093.388
1066.357 1066.363 1066.369 1066.376 1066.382 1066.388 1066.394 1066.401 1066.407 1066.413 1066.419 1066.425 1066.425 1066.425 1066.425 1066.425 1066.425 1066.425 1066.425 1066.425 1066.425 1066.425 1066.425 1066.425 1066.425 1066.425 1066.425 1066.425 1066.425 1066.425 1066.425 1066.425 1066.425 1066.425 1066.425 1066.425 1066.425 1066.425 1066.425 1066.425 1066.425 1066.425 1066.425 1066.425 1066.425 1066.425 1066.425 1066.425 1066.425 1066.425 1066.425 1066.425 1066.425 1066.425 1066.425 1066.425 1066.425 1066.425 1066.425 1066.425 1066.425 1066.425 1066.425 1066.425 1066.425 1066.425 1066.425 1066.425 1066.425 1066.425 1066.425 1066.425 1066.425 1066.425 1066.425
1039.404 1039.410 1039.416 1039.423 1039.429 1039.435 1039.441 1039.448 1039.454 1039.460 1039.463 1039.463 1039.463 1039.463 1039.463 1039.463 1039.463 1039.463 1039.463 1039.463 1039.463 1039.463 1039.463 1039.463 1039.463 1039.463 1039.463 1039.463 1039.463 1039.463 1039.463 1039.463 1039.463 1039.463 1039.463 1039.463 1039.463 1039.463 1039.463 1039.463 1039.463 1039.463 1039.463 1039.463 1039.463 1039.463 1039.463 1039.463 1039.463 1039.463 1039.463 1039.463 1039.463 1039.463 1039.463 1039.463 1039.463 1039.463 1039.463 1039.463 1039.463 1039.463 1039.463 1039.463 1039.463 1039.463 1039.463 1039.463 1039.463 1039.463 1039.463 1039.463 1039.463 1039.463 1039.463
1012.451 1012.457 1012.463 1012.470 1012.476 1012.482 1012.488 1012.495 1012.500 1012.500 1012.500 1012.500 1012.500 1012.500 1012.500 1012.500 1012.500 1012.500 1012.500 1012.500 1012.500 1012.500 1012.500 1012.500 1012.500 1012.500 1012.500 1012.500 1012.500 1012.500 1012.500 1012.500 1012.500 1012.500 1012.500 1012.500 1012.500 1012.500 1012.500 1012.500 1012.500 1012.500 1012.500 1012.500 1012.500 1012.500 1012.500 1012.500 1012.500 1012.500 1012.500 1012.500 1012.500 1012.500 1012.500 1012.500 1012.500 1012.500 1012.500 1012.500 1012.500 1012.500 1012.500 1012.500 1012.500 1012.500 1012.500 1012.500 1012.500 1012.500 1012.500 1012.500 1012.500 1012.500 1012.500
985.498 985.504 985.510 985.517 985.523 985.529 985.535 985.537 985.537 985.537 985.537 985.537 985.537 985.537 985.537 985.537 985.537 985.537 985.537 985.537 985.537 985.537 985.537 985.537 985.537 985.537 985.537 985.537 985.537 985.537 985.537 985.537 985.537 985.537 985.537 985.537 985.537 985.537 985.537 985.537 985.537 985.537 985.537 985.537 985.537 985.537 985.537 985.537 985.537 985.537 985.537 985.537 985.537 985.537 985.537 985.537 985.537 985.537 985.537 985.537 985.537 985.537 985.537 985.537 985.537 985.537 985.537 985.537 985.537 985.537 985.537 985.537 985.537 985.537 985.537
958.545 958.551 958.557 958.564 958.570 958.575 958.575 958.575 958.575 958.575 958.575 958.575 958.575 958.575 958.575 958.575 958.575 958.575 958.575 958.575 958.575 958.575 958.575 958.575 958.575 958.575 958.575 958.575 958.575 958.575 958.575 958.575 958.575 958.575 958.575 958.575 958.575 958.575 958.575 958.575 958.575 958.575 958.575 958.575 958.575 958.575 958.575 958.575 958.575 958.575 958.575 958.575 958.575 958.575 958.575 958.575 958.575 958.575 958.575 958.575 958.575 958.575 958.575 958.575 958.575 958.575 958.575 958.575 958.575 958.575 958.575 958.575 958.575 958.575 958.575
931.592 931.598 931.604 931.611 931.612 931.612 931.612 931.612 931.612 931.612 931.612 931.612 931.612 931.612 931.612 931.612 931.612 931.612 931.612 931.612 931.612 931.612 931.612 931.612 931.612 931.612 931.612 931.612 931.612 931.612 931.612 931.612 931.612 931.612 931.612 931.612 931.612 931.612 931.612 931.612 931.612 931.612 931.612 931.612 931.612 931.612 931.612 931.612 931.612 931.612 931.612 931.612 931.612 931.612 931.612 931.612 931.612 931.612 931.612 931.612 931.612 931.612 931.612 931.612 931.612 931.612 931.612 931.612 931.612 931.612 931.612 931.612 931.612 931.612 931.612
904.639 904.645 904.649 904.649 904.649 904.649 904.649 904.649 904.649 904.649 904.649 904.649 904.649 904.649 904.649 904.649 904.649 904.649 904.649 904.649 904.649 904.649 904.649 904.649 904.649 904.649 904.649 904.649 904.649 904.649 904.649 904.649 904.649 904.649 904.649 904.649 904.649 904.649 904.649 904.649 904.649 904.649 904.649 904.649 904.649 904.649 904.649 904.649 904.649 904.649 904.649 904.649 904.649 904.649 904.649 904.649 904.649 904.649 904.649 904.649 904.649 904.649 904.649 904.649 904.649 904.649 904.649 904.649 904.649 904.649 904.649 904.649 904.649 904.649 904.649
877.686 877.687 877.687 877.687 877.687 877.687 877.687 877.687 877.687 877.687 877.687 877.687 877.687 877.687 877.687 877.687 877.687 877.687 877.687 877.687 877.687 877.687 877.687 877.687 877.687 877.687 877.687 877.687 877.687 877.687 877.687 877.687 877.687 877.687 877.687 877.687 877.687 877.687 877.687 877.687 877.687 877.687 877.687 877.687 877.687 877.687 877.687 877.687 877.687 877.687 877.687 877.687 877.687 877.687 877.687 877.687 877.687 877.687 877.687 877.687 877.687 877.687 877.687 877.687 877.687 877.687 877.687 877.687 877.687 877.687 877.687 877.687 877.687 877.687 877.687
850.724 850.724 850.724 850.724 850.724 850.724 850.724 850.724 850.724 850.724 850.724 850.724 850.724 850.724 850.724 850.724 850.724 850.724 850.724 850.724 850.724 850.724 850.724 850.724 850.724 850.724 850.724 850.724 850.724 850.724 850.724 850.724 850.724 850.724 850.724 850.724 850.724 850.724 850.724 850.724 850.724 850.724 850.724 850.724 850.724 850.724 850.724 850.724 850.724 850.724 850.724 850.724 850.724 850.724 850.724 850.724 850.724 850.724 850.724 850.724 850.724 850.724 850.724 850.724 850.724 850.724 850.724 850.724 850.724 850.724 850.724 850.724 850.724 850.724 850.724
823.761 823.761 823.761 823.761 823.761 823.761 823.761 823.761 823.761 823.761 823.761 823.761 823.761 823.761 823.761 823.761 823.761 823.761 823.761 823.761 823.761 823.761 823.761 823.761 823.761 823.761 823.761 823.761 823.761 823.761 823.761 823.761 823.761 823.761 823.761 823.761 823.761 823.761 823.761 823.761 823.761 823.761 823.761 823.761 823.761 823.761 823.761 823.761 823.761 823.761 823.761 823.761 823.761 823.761 823.761 823.761 823.761 823.761 823.761 823.761 823.761 823.761 823.761 823.761 823.761 823.761 823.761 823.761 823.761 823.761 823.761 823.761 823.761 823.761 823.761
796.799 796.799 796.799 796.799 796.799 796.799 796.799 796.799 796.799 796.799 796.799 796.799 796.799 796.799 796.799 796.799 796.799 796.799 796.799 796.799 796.799 796.799 796.799 796.799 796.799 796.799 796.799 796.799 796.799 796.799 796.799 796.799 796.799 796.799 796.799 796.799 796.799 796.799 796.799 796.799 796.799 796.799 796.799 796.799 796.799 796.799 796.799 796.799 796.799 796.799 796.799 796.799 796.799 796.799 796.799 796.799 796.799 796.799 796.799 796.799 796.799 796.799 796.799 796.799 796.799 796.799 796.799 796.799 796.799 796.799 796.799 796.799 796.799 796.799 796.799
769.836 769.836 769.836 769.836 769.836 769.836 769.836 769.836 769.836 769.836 769.836 769.836 769.836 769.836 769.836 769.836 769.836 769.836 769.836 769.836 769.836 769.836 769.836 769.836 769.836 769.836 769.836 769.836 769.836 769.836 769.836 769.836 769.836 769.836 769.836 769.836 769.836 769.836 769.836 769.836 769.836 769.836 769.836 769.836 769.836 769.836 769.836 769.836 769.836 769.836 769.836 769.836 769.836 769.836 769.836 769.836 769.836 769.836 769.836 769.836 769.836 769.836 769.836 769.836 769.836 769.836 769.836 769.836 769.836 769.836 769.836 769.836 769.836 769.836 769.836
742.873 742.873 742.873 742.873 742.873 742.873 742.873 742.873 742.873 742.873 742.873 742.873 742.873 742.873 742.873 742.873 742.873 742.873 742.873 742.873 742.873 742.873 742.873 742.873 742.873 742.873 742.873 742.873 742.873 742.873 742.873 742.873 742.873 742.873 742.873 742.873 742.873 742.873 742.873 742.873 742.873 742.873 742.873 742.873 742.873 742.873 742.873 742.873 742.873 742.873 742.873 742.873 742.873 742.873 742.873 742.873 742.873 742.873 742.873 742.873 742.873 742.873 742.873 742.873 742.873 742.873 742.873 742.873 742.873 742.873 742.873 742.873 742.873 742.873 742.873
715.911 715.911 715.911 715.911 715.911 715.911 715.911 715.911 715.911 715.911 715.911 715.911 715.911 715.911 715.911 715.911 715.911 715.911 715.911 715.911 715.911 715.911 715.911 715.911 715.911 715.911 715.911 715.911 715.911 715.911 715.911 715.911 715.911 715.911 715.911 715.911 715.911 715.911 715.911 715.911 715.911 715.911 715.911 715.911 715.911 715.911 715.911 715.911 715.911 715.911 715.911 715.911 715.911 715.911 715.911 715.911 715.911 715.911 715.911 715.911 715.911 715.911 715.911 715.911 715.911 715.911 715.911 715.911 715.911 715.911 715.911 715.911 715.911 715.911 715.911
688.948 688.948 688.948 688.948 688.948 688.948 688.948 688.948 688.948 688.948 688.948 688.948 688.948 688.948 688.948 688.948 688.948 688.948 688.948 688.948 688.948 688.948 688.948 688.948 688.948 688.948 688.948 688.948 688.948 688.948 688.948 688.948 688.948 688.948 688.948 688.948 688.948 688.948 688.948 688.948 688.948 688.948 688.948 688.948 688.948 688.948 688.948 688.948 688.948 688.948 688.948 688.948 688.948 688.948 688.948 688.948 688.948 688.948 688.948 688.948 688.948 688.948 688.948 688.948 688.948 688.948 688.948 688.948 688.948 688.948 688.948 688.948 688.948 688.948 688.948
661.986 661.986 661.986 661.986 661.986 661.986 661.986 661.986 661.986 661.986 661.986 661.986 661.986 661.986 661.986 661.986 661.986 661.986 661.986 661.986 661.986 661.986 661.986 661.986 661.986 661.986 661.986 661.986 661.986 661.986 661.986 661.986 661.986 661.986 661.986 661.986 661.986 661.986 661.986 661.986 661.986 661.986 661.986 661.986 661.986 661.986 661.986 661.986 661.986 661.986 661.986 661.986 661.986 661.986 661.986 661.986 661.986 661.986 661.986 661.986 661.986 661.986 661.986 661.986 661.986 661.986 661.986 661.986 661.986 661.986 661.986 661.986 661.986 661.986 661.986
635.023 635.023 635.023 635.023 635.023 635.023 635.023 635.023 635.023 635.023 635.023 635.023 635.023 635.023 635.023 635.023 635.023 635.023 635.023 635.023 635.023 635.023 635.023 635.023 635.023 635.023 635.023 635.023 635.023 635.023 635.023 635.023 635.023 635.023 635.023 635.023 635.023 635.023 635.023 635.023 635.023 635.023 635.023 635.023 635.023 635.023 635.023 635.023 635.023 635.023 635.023 635.023 635.023 635.023 635.023 635.023 635.023 635.023 635.023 635.023 635.023 635.023 635.023 635.023 635.023 635.023 635.023 635.023 635.023 635.023 635.023 635.023 635.023 635.023 635.023
608.060 608.060 608.060 608.060 608.060 608.060 608.060 608.060 608.060 608.060 608.060 608.060 608.060 608.060 608.060 608.060 608.060 608.060 608.060 608.060 608.060 608.060 608.060 608.060 608.060 608.060 608.060 608.060 608.060 608.060 608.060 608.060 608.060 608.060 608.060 608.060 608.060 608.060 608.060 608.060 608.060 608.060 608.060 608.060 608.060 608.060 608.060 608.060 608.060 608.060 608.060 608.060 608.060 608.060 608.060 608.060 608.060 608.060 608.060 608.060 608.060 608.060 608.060 608.060 608.060 608.060 608.060 608.060 608.060 608.060 608.060 608.060 608.060 608.060 608.060
581.098 581.098 581.098 581.098 581.098 581.098 581.098 581.098 581.098 581.098 581.098 581.098 581.098 581.098 581.098 581.098 581.098 581.098 581.098 581.098 581.098 581.098 581.098 581.098 581.098 581.098 581.098 581.098 581.098 581.098 581.098 581.098 581.098 581.098 581.098 581.098 581.098 581.098 581.098 581.098 581.098 581.098 581.098 581.098 581.098 581.098 581.098 581.098 581.098 581.098 581.098 581.098 581.098 581.098 581.098 581.098 581.098 581.098 581.098 581.098 581.098 581.098 581.098 581.098 581.098 581.098 581.098 581.098 581.098 581.098 581.098 581.098 581.098 581.098 581.098
554.135 554.135 554.135 554.135 554.135 554.135 554.135 554.135 554.135 554.135 554.135 554.135 554.135 554.135 554.135 554.135 554.135 554.135 554.135 554.135 554.135 554.135 554.135 554.135 554.135 554.135 554.135 554.135 554.135 554.135 554.135 554.135 554.135 554.135 554.135 554.135 554.135 554.135 554.135 554.135 554.135 554.135 554.135 554.135 554.135 554.135 554.135 554.135 554.135 554.135 554.135 554.135 554.135 554.135 554.135 554.135 554.135 554.135 554.135 554.135 554.135 554.135 554.135 554.135 554.135 554.135 554.135 554.135 554.135 554.135 554.135 554.135 554.135 554.135 554.135
527.172 527.172 527.172 527.172 527.172 527.172 527.172 527.172 527.172 527.172 527.172 527.172 527.172 527.172 527.172 527.172 527.172 527.172 527.172 527.172 527.172 527.172 527.172 527.172 527.172 527.172 527.172 527.172 527.172 527.172 527.172 527.172 527.172 527.172 527.172 527.172 527.172 527.172 527.172 527.172 527.172 527.172 527.172 527.172 527.172 527.172 527.172 527.172 527.172 527.172 527.172 527.172 527.172 527.172 527.172 527.172 527.172 527.172 527.172 527.172 527.172 527.172 527.172 527.172 527.172 527.172 527.172 527.172 527.172 527.172 527.172 527.172 527.172 527.172 527.172
500.210 500.210 500.210 500.210 500.210 500.210 500.210 500.210 500.210 500.210 500.210 500.210 500.210 500.210 500.210 500.210 500.210 500.210 500.210 500.210 500.210 500.210 500.210 500.210 500.210 500.210 500.210 500.210 500.210 500.210 500.210 500.210 500.210 500.210 500.210 500.210 500.210 500.210 500.210 500.210 500.210 500.210 500.210 500.210 500.210 500.210 500.210 500.210 500.210 500.210 500.210 500.210 500.210 500.210 500.210 500.210 500.210 500.210 500.210 500.210 500.210 500.210 500.210 500.210 500.210 500.210 500.210 500.210 500.210 500.210 500.210 500.210 500.210 500.210 500.210
473.247 473.247 473.247 473.247 473.247 473.247 473.247 473.247 473.247 473.247 473.247 473.247 473.247 473.247 473.247 473.247 473.247 473.247 473.247 473.247 473.247 473.247 473.247 473.247 473.247 473.247 473.247 473.247 473.247 473.247 473.247 473.247 473.247 473.247 473.247 473.247 473.247 473.247 473.247 473.247 473.247 473.247 473.247 473.247 473.247 473.247 473.247 473.247 473.247 473.247 473.247 473.247 473.247 473.247 473.247 473.247 473.247 473.247 473.247 473.247 473.247 473.247 473.247 473.247 473.247 473.247 473.247 473.247 473.247 473.247 473.247 473.247 473.247 473.247 473.247
446.284 446.284 446.284 446.284 446.284 446.284 446.284 446.284 446.284 446.284 446.284 446.284 446.284 446.284 446.284 446.284 446.284 446.284 446.284 446.284 446.284 446.284 446.284 446.284 446.284 446.284 446.284 446.284 446.284 446.284 446.284 446.284 446.284 446.284 446.284 446.284 446.284 446.284 446.284 446.284 446.284 446.284 446.284 446.284 446.284 446.284 446.284 446.284 446.284 446.284 446.284 446.284 446.284 446.284 446.284 446.284 446.284 446.284 446.284 446.284 446.284 446.284 446.284 446.284 446.284 446.284 446.284 446.284 446.284 446.284 446.284 446.284 446.284 446.284 446.284
419.322 419.322 419.322 419.322 419.322 419.322 419.322 419.322 419.322 419.322 419.322 419.322 419.322 419.322 419.322 419.322 419.322 419.322 419.322 419.322 419.322 419.322 419.322 419.322 419.322 419.322 419.322 419.322 419.322 419.322 419.322 419.322 419.322 419.322 419.322 419.322 419.322 419.322 419.322 419.322 419.322 419.322 419.322 419.322 419.322 419.322 419.322 419.322 419.322 419.322 419.322 419.322 419.322 419.322 419.322 419.322 419.322 419.322 419.322 419.322 419.322 419.322 419.322 419.322 419.322 419.322 419.322 419.322 419.322 419.322 419.322 419.322 419.322 419.322 419.322
392.359 392.359 392.359 392.359 392.359 392.359 392.359 392.359 392.359 392.359 392.359 392.359 392.359 392.359 392.359 392.359 392.359 392.359 392.359 392.359 392.359 392.359 392.359 392.359 392.359 392.359 392.359 392.359 392.359 392.359 392.359 392.359 392.359 392.359 392.359 392.359 392.359 392.359 392.359 392.359 392.359 392.359 392.359 392.359 392.359 392.359 392.359 392.359 392.359 392.359 392.359 392.359 392.359 392.359 392.359 392.359 392.359 392.359 392.359 392.359 392.359 392.359 392.359 392.359 392.359 392.359 392.359 392.359 392.359 392.359 392.359 392.359 392.359 392.359 392.359
365.396 365.396 365.396 365.396 365.396 365.396 365.396 365.396 365.396 365.396 365.396 365.396 365.396 365.396 365.396 365.396 365.396 365.396 365.396 365.396 365.396 365.396 365.396 365.396 365.396 365.396 365.396 365.396 365.396 365.396 365.396 365.396 365.396 365.396 365.396 365.396 365.396 365.396 365.396 365.396 365.396 365.396 365.396 365.396 365.396 365.396 365.396 365.396 365.396 365.396 365.396 365.396 365.396 365.396 365.396 365.396 365.396 365.396 365.396 365.396 365.396 365.396 365.396 365.396 365.396 365.396 365.396 365.396 365.396 365.396 365.396 365.396 365.396 365.396 365.396
338.434 338.434 338.434 338.434 338.434 338.434 338.434 338.434 338.434 338.434 338.434 338.434 338.434 338.434 338.434 338.434 338.434 338.434 338.434 338.434 338.434 338.434 338.434 338.434 338.434 338.434 338.434 338.434 338.434 338.434 338.434 338.434 338.434 338.434 338.434 338.434 338.434 338.434 338.434 338.434 338.434 338.434 338.434 338.434 338.434 338.434 338.434 338.434 338.434 338.434 338.434 338.434 338.434 338.434 338.434 338.434 338.434 338.434 338.434 338.434 338.434 338.434 338.434 338.434 338.434 338.434 338.434 338.434 338.434 338.434 338.434 338.434 338.434 338.434 338.434
311.471 311.471 311.471 311.471 311.471 311.471 311.471 311.471 311.471 311.471 311.471 311.471 311.471 311.471 311.471 311.471 311.471 311.471 311.471 311.471 311.471 311.471 311.471 311.471 311.471 311.471 311.471 311.471 311.471 311.471 311.471 311.471 311.471 311.471 311.471 311.471 311.471 311.471 311.471 311.471 311.471 311.471 311.471 311.471 311.471 311.471 311.471 311.471 311.471 311.471 311.471 311.471 311.471 311.471 311.471 311.471 311.471 311.471 311.471 311.471 311.471 311.471 311.471 311.471 311.471 311.471 311.471 311.471 311.471 311.471 311.471 311.471 311.471 311.471 311.471
284.509 284.509 284.509 284.509 284.509 284.509 284.509 284.509 284.509 284.509 284.509 284.509 284.509 284.509 284.509 284.509 284.509 284.509 284.509 284.509 284.509 284.509 284.509 284.509 284.509 284.509 284.509 284.509 284.509 284.509 284.509 284.509 284.509 284.509 284.509 284.509 284.509 284.509 284.509 284.509 284.509 284.509 284.509 284.509 284.509 284.509 284.509 284.509 284.509 284.509 284.509 284.509 284.509 284.509 284.509 284.509 284.509 284.509 284.509 284.509 284.509 284.509 284.509 284.509 284.509 284.509 284.509 284.509 284.509 284.509 284.509 284.509 284.509 284.509 284.509
257.546 257.546 257.546 257.546 257.546 257.546 257.546 257.546 257.546 257.546 257.546 257.546 257.546 257.546 257.546 257.546 257.546 257.546 257.546 257.546 257.546 257.546 257.546 257.546 257.546 257.546 257.546 257.546 257.546 257.546 257.546 257.546 257.546 257.546 257.546 257.546 257.546 257.546 257.546 257.546 257.546 257.546 257.546 257.546 257.546 257.546 257.546 257.546 257.546 257.546 257.546 257.546 257.546 257.546 257.546 257.546 257.546 257.546 257.546 257.546 257.546 257.546 257.546 257.546 257.546 257.546 257.546 257.546 257.546 257.546 257.546 257.546 257.546 257.546 257.546
