test_output/google_earth_terrain_002.asc
ncols 640
nrows 640
xllcorner -10018754.171395
yllcorner -20037508.343039
cellsize 15654.303393
NODATA_value -9999
[rows 102 to 135 of 640, columns 375 to 449 of 640]
642.444 642.438 642.431 642.425 642.419 642.413 642.406 642.400 642.394 642.387 642.381 642.375 642.369 642.362 642.356 642.350 642.344 642.337 642.331 642.325 642.319 642.312 642.306 642.300 642.294 0.000 642.287 642.287 642.287 642.287 642.287 642.287 642.287 642.287 642.287 642.287 642.287 642.287 642.287 642.287 642.287 642.287 642.287 642.287 642.287 642.287 642.287 642.287 642.287 642.287 642.287 642.287 642.287 642.287 642.287 642.287 642.287 642.287 642.287 642.287 642.287 642.287 642.287 642.287 642.287 642.287 642.287 642.287 642.287 642.292 642.298 642.304 642.311 642.317 642.323
673.233 673.227 673.220 673.214 673.208 673.202 673.195 673.189 673.183 673.177 673.170 673.164 673.158 673.152 673.145 673.139 673.133 673.127 673.120 673.114 673.108 673.102 673.095 673.089 673.083 0.000 673.077 673.077 673.077 673.077 673.077 673.077 673.077 673.077 673.077 673.077 673.077 673.077 673.077 673.077 673.077 673.077 673.077 673.077 673.077 673.077 673.077 673.077 673.077 673.077 673.077 673.077 673.077 673.077 673.077 673.077 673.077 673.077 673.077 673.077 673.077 673.077 673.077 673.077 673.077 673.077 673.077 673.080 673.086 673.092 673.098 673.105 673.111 673.117 673.123
704.022 704.016 704.010 704.003 703.997 703.991 703.985 703.978 703.972 703.966 703.960 703.953 703.947 703.941 703.935 703.928 703.922 703.916 703.910 703.903 703.897 703.891 703.885 703.878 703.872 0.000 703.866 703.866 703.866 703.866 703.866 703.866 703.866 703.866 703.866 703.866 703.866 703.866 703.866 703.866 703.866 703.866 703.866 703.866 703.866 703.866 703.866 703.866 703.866 703.866 703.866 703.866 703.866 703.866 703.866 703.866 703.866 703.866 703.866 703.866 703.866 703.866 703.866 703.866 703.866 703.867 703.873 703.880 703.886 703.892 703.898 703.905 703.911 703.917 703.923
734.811 734.805 734.799 734.793 734.786 734.780 734.774 734.767 734.761 734.755 734.749 734.742 734.736 734.730 734.724 734.717 734.711 734.705 734.699 734.692 734.686 734.680 734.674 734.667 734.661 0.000 734.655 734.655 734.655 734.655 734.655 734.655 734.655 734.655 734.655 734.655 734.655 734.655 734.655 734.655 734.655 734.655 734.655 734.655 734.655 734.655 734.655 734.655 734.655 734.655 734.655 734.655 734.655 734.655 734.655 734.655 734.655 734.655 734.655 734.655 734.655 734.655 734.655 734.655 734.661 734.667 734.674 734.680 734.686 734.692 734.699 734.705 734.711 734.717 734.724
765.600 765.594 765.588 765.582 765.575 765.569 765.563 765.557 765.550 765.544 765.538 765.532 765.525 765.519 765.513 765.507 765.500 765.494 765.488 765.482 765.475 765.469 765.463 765.457 765.450 0.000 765.444 765.444 765.444 765.444 765.444 765.444 765.444 765.444 765.444 765.444 765.444 765.444 765.444 765.444 765.444 765.444 765.444 765.444 765.444 765.444 765.444 765.444 765.444 765.444 765.444 765.444 765.444 765.444 765.444 765.444 765.444 765.444 765.444 765.444 765.444 765.444 765.449 765.455 765.461 765.468 765.474 765.480 765.486 765.493 765.499 765.505 765.511 765.518 765.524
796.390 796.383 796.377 796.371 796.365 796.358 796.352 796.346 796.340 796.333 796.327 796.321 796.315 796.308 796.302 796.296 796.290 796.283 796.277 796.271 796.265 796.258 796.252 796.246 796.240 0.000 796.233 796.233 796.233 796.233 796.233 796.233 796.233 796.233 796.233 796.233 796.233 796.233 796.233 796.233 796.233 796.233 796.233 796.233 796.233 796.233 796.233 796.233 796.233 796.233 796.233 796.233 796.233 796.233 796.233 796.233 796.233 796.233 796.233 796.233 796.236 796.243 796.249 796.255 796.261 796.268 796.274 796.280 796.286 796.293 796.299 796.305 796.311 796.318 796.324
827.179 827.173 827.166 827.160 827.154 827.147 827.141 827.135 827.129 827.122 827.116 827.110 827.104 827.097 827.091 827.085 827.079 827.072 827.066 827.060 827.054 827.047 827.041 827.035 827.029 0.000 827.022 827.022 827.022 827.022 827.022 827.022 827.022 827.022 827.022 827.022 827.022 827.022 827.022 827.022 827.022 827.022 827.022 827.022 827.022 827.022 827.022 827.022 827.022 827.022 827.022 827.022 827.022 827.022 827.022 827.022 827.022 827.022 827.024 827.030 827.037 827.043 827.049 827.055 827.062 827.068 827.074 827.080 827.087 827.093 827.099 827.105 827.112 827.118 827.124
857.968 857.962 857.955 857.949 857.943 857.937 857.930 857.924 857.918 857.912 857.905 857.899 857.893 857.887 857.880 857.874 857.868 857.862 857.855 857.849 857.843 857.837 857.830 857.824 857.818 0.000 857.812 857.812 857.812 857.812 857.812 857.812 857.812 857.812 857.812 857.812 857.812 857.812 857.812 857.812 857.812 857.812 857.812 857.812 857.812 857.812 857.812 857.812 857.812 857.812 857.812 857.812 857.812 857.812 857.812 857.812 857.812 857.818 857.824 857.830 857.837 857.843 857.849 857.856 857.862 857.868 857.874 857.881 857.887 857.893 857.899 857.906 857.912 857.918 857.924
888.757 888.751 888.745 888.738 888.732 888.726 888.720 888.713 888.707 888.701 888.695 888.688 888.682 888.676 888.670 888.663 888.657 888.651 888.645 888.638 888.632 888.626 888.620 888.613 888.607 0.000 888.601 888.601 888.601 888.601 888.601 888.601 888.601 888.601 888.601 888.601 888.601 888.601 888.601 888.601 888.601 888.601 888.601 888.601 888.601 888.601 888.601 888.601 888.601 888.601 888.601 888.601 888.601 888.601 888.601 888.606 888.612 888.618 888.624 888.631 888.637 888.643 888.649 888.656 888.662 888.668 888.674 888.681 888.687 888.693 888.699 888.706 888.712 888.718 888.724
919.546 919.540 919.534 919.527 919.521 919.515 919.509 919.502 919.496 919.490 919.484 919.477 919.471 919.465 919.459 919.452 919.446 919.440 919.434 919.427 919.421 919.415 919.409 919.402 919.396 0.000 919.390 919.390 919.390 919.390 919.390 919.390 919.390 919.390 919.390 919.390 919.390 919.390 919.390 919.390 919.390 919.390 919.390 919.390 919.390 919.390 919.390 919.390 919.390 919.390 919.390 919.390 919.390 919.393 919.400 919.406 919.412 919.418 919.425 919.431 919.437 919.443 919.450 919.456 919.462 919.468 919.475 919.481 919.487 919.493 919.500 919.506 919.512 919.518 919.525
950.335 950.329 950.323 950.317 950.310 950.304 950.298 950.292 950.285 950.279 950.273 950.267 950.260 950.254 950.248 950.242 950.235 950.229 950.223 950.217 950.210 950.204 950.198 950.192 950.185 0.000 950.179 950.179 950.179 950.179 950.179 950.179 950.179 950.179 950.179 950.179 950.179 950.179 950.179 950.179 950.179 950.179 950.179 950.179 950.179 950.179 950.179 950.179 950.179 950.179 950.179 950.181 950.187 950.193 950.200 950.206 950.212 950.218 950.225 950.231 950.237 950.243 950.250 950.256 950.262 950.268 950.275 950.281 950.287 950.294 950.300 950.306 950.312 950.319 950.325
981.125 981.118 981.112 981.106 981.100 981.093 981.087 981.081 981.075 981.068 981.062 981.056 981.050 981.043 981.037 981.031 981.025 981.018 981.012 981.006 981.000 980.993 980.987 980.981 980.975 0.000 980.968 980.968 980.968 980.968 980.968 980.968 980.968 980.968 980.968 980.968 980.968 980.968 980.968 980.968 980.968 980.968 980.968 980.968 980.968 980.968 980.968 980.968 980.968 980.969 980.975 980.981 980.987 980.994 981.000 981.006 981.012 981.019 981.025 981.031 981.037 981.044 981.050 981.056 981.062 981.069 981.075 981.081 981.087 981.094 981.100 981.106 981.112 981.119 981.125
1011.914 1011.907 1011.901 1011.895 1011.889 1011.882 1011.876 1011.870 1011.864 1011.857 1011.851 1011.845 1011.839 1011.832 1011.826 1011.820 1011.814 1011.807 1011.801 1011.795 1011.789 1011.782 1011.776 1011.770 1011.764 0.000 1011.757 1011.757 1011.757 1011.757 1011.757 1011.757 1011.757 1011.757 1011.757 1011.757 1011.757 1011.757 1011.757 1011.757 1011.757 1011.757 1011.757 1011.757 1011.757 1011.757 1011.757 1011.757 1011.763 1011.769 1011.775 1011.781 1011.788 1011.794 1011.800 1011.806 1011.813 1011.819 1011.825 1011.831 1011.838 1011.844 1011.850 1011.856 1011.863 1011.869 1011.875 1011.881 1011.888 1011.894 1011.900 1011.906 1011.913 1011.919 1011.925
1042.703 1042.697 1042.690 1042.684 1042.678 1042.672 1042.665 1042.659 1042.653 1042.647 1042.640 1042.634 1042.628 1042.622 1042.615 1042.609 1042.603 1042.597 1042.590 1042.584 1042.578 1042.572 1042.565 1042.559 1042.553 0.000 1042.547 1042.547 1042.547 1042.547 1042.547 1042.547 1042.547 1042.547 1042.547 1042.547 1042.547 1042.547 1042.547 1042.547 1042.547 1042.547 1042.547 1042.547 1042.547 1042.547 1042.550 1042.556 1042.563 1042.569 1042.575 1042.581 1042.588 1042.594 1042.600 1042.606 1042.613 1042.619 1042.625 1042.631 1042.638 1042.644 1042.650 1042.656 1042.663 1042.669 1042.675 1042.681 1042.688 1042.694 1042.700 1042.707 1042.713 1042.719 1042.725
1073.492 1073.486 1073.480 1073.473 1073.467 1073.461 1073.455 1073.448 1073.442 1073.436 1073.430 1073.423 1073.417 1073.411 1073.405 1073.398 1073.392 1073.386 1073.380 1073.373 1073.367 1073.361 1073.355 1073.348 1073.342 0.000 1073.336 1073.336 1073.336 1073.336 1073.336 1073.336 1073.336 1073.336 1073.336 1073.336 1073.336 1073.336 1073.336 1073.336 1073.336 1073.336 1073.336 1073.336 1073.338 1073.344 1073.350 1073.357 1073.363 1073.369 1073.375 1073.382 1073.388 1073.394 1073.400 1073.407 1073.413 1073.419 1073.425 1073.432 1073.438 1073.444 1073.450 1073.457 1073.463 1073.469 1073.475 1073.482 1073.488 1073.494 1073.500 1073.507 1073.513 1073.519 1073.525
1104.281 1104.275 1104.269 1104.262 1104.256 1104.250 1104.244 1104.237 1104.231 1104.225 1104.219 1104.212 1104.206 1104.200 1104.194 1104.187 1104.181 1104.175 1104.169 1104.162 1104.156 1104.150 1104.144 1104.137 1104.131 0.000 1104.125 1104.125 1104.125 1104.125 1104.125 1104.125 1104.125 1104.125 1104.125 1104.125 1104.125 1104.125 1104.125 1104.125 1104.125 1104.125 1104.126 1104.132 1104.138 1104.144 1104.151 1104.157 1104.163 1104.169 1104.176 1104.182 1104.188 1104.194 1104.201 1104.207 1104.213 1104.219 1104.226 1104.232 1104.238 1104.244 1104.251 1104.257 1104.263 1104.269 1104.276 1104.282 1104.288 1104.294 1104.301 1104.307 1104.313 1104.319 1104.326
1135.070 1135.064 1135.058 1135.052 1135.045 1135.039 1135.033 1135.027 1135.020 1135.014 1135.008 1135.002 1134.995 1134.989 1134.983 1134.977 1134.970 1134.964 1134.958 1134.952 1134.945 1134.939 1134.933 1134.927 1134.920 0.000 1134.914 1134.914 1134.914 1134.914 1134.914 1134.914 1134.914 1134.914 1134.914 1134.914 1134.914 1134.914 1134.914 1134.914 1134.914 1134.919 1134.926 1134.932 1134.938 1134.944 1134.951 1134.957 1134.963 1134.969 1134.976 1134.982 1134.988 1134.994 1135.001 1135.007 1135.013 1135.019 1135.026 1135.032 1135.038 1135.044 1135.051 1135.057 1135.063 1135.069 1135.076 1135.082 1135.088 1135.094 1135.101 1135.107 1135.113 1135.119 1135.126
1165.860 1165.853 1165.847 1165.841 1165.835 1165.828 1165.822 1165.816 1165.810 1165.803 1165.797 1165.791 1165.785 1165.778 1165.772 1165.766 1165.760 1165.753 1165.747 1165.741 1165.735 1165.728 1165.722 1165.716 1165.710 0.000 1165.703 1165.703 1165.703 1165.703 1165.703 1165.703 1165.703 1165.703 1165.703 1165.703 1165.703 1165.703 1165.703 1165.707 1165.713 1165.720 1165.726 1165.732 1165.738 1165.745 1165.751 1165.757 1165.763 1165.770 1165.776 1165.782 1165.788 1165.795 1165.801 1165.807 1165.813 1165.820 1165.826 1165.832 1165.838 1165.845 1165.851 1165.857 1165.863 1165.870 1165.876 1165.882 1165.888 1165.895 1165.901 1165.907 1165.913 1165.920 1165.926
1196.649 1196.642 1196.636 1196.630 1196.624 1196.617 1196.611 1196.605 1196.599 1196.592 1196.586 1196.580 1196.574 1196.567 1196.561 1196.555 1196.549 1196.542 1196.536 1196.530 1196.524 1196.517 1196.511 1196.505 1196.499 0.000 1196.492 1196.492 1196.492 1196.492 1196.492 1196.492 1196.492 1196.492 1196.492 1196.492 1196.492 1196.495 1196.501 1196.507 1196.514 1196.520 1196.526 1196.532 1196.539 1196.545 1196.551 1196.557 1196.564 1196.570 1196.576 1196.582 1196.589 1196.595 1196.601 1196.607 1196.614 1196.620 1196.626 1196.632 1196.639 1196.645 1196.651 1196.657 1196.664 1196.670 1196.676 1196.682 1196.689 1196.695 1196.701 1196.707 1196.714 1196.720 1196.726
1227.438 1227.432 1227.425 1227.419 1227.413 1227.407 1227.400 1227.394 1227.388 1227.382 1227.375 1227.369 1227.363 1227.357 1227.350 1227.344 1227.338 1227.332 1227.325 1227.319 1227.313 1227.307 1227.300 1227.294 1227.288 0.000 1227.282 1227.282 1227.282 1227.282 1227.282 1227.282 1227.282 1227.282 1227.282 1227.282 1227.289 1227.295 1227.301 1227.307 1227.314 1227.320 1227.326 1227.332 1227.339 1227.345 1227.351 1227.357 1227.364 1227.370 1227.376 1227.382 1227.389 1227.395 1227.401 1227.407 1227.414 1227.420 1227.426 1227.432 1227.439 1227.445 1227.451 1227.457 1227.464 1227.470 1227.476 1227.482 1227.489 1227.495 1227.501 1227.507 1227.514 1227.520 1227.526
1258.227 1258.221 1258.215 1258.208 1258.202 1258.196 1258.190 1258.183 1258.177 1258.171 1258.165 1258.158 1258.152 1258.146 1258.140 1258.133 1258.127 1258.121 1258.115 1258.108 1258.102 1258.096 1258.090 1258.083 1258.077 0.000 1258.071 1258.071 1258.071 1258.071 1258.071 1258.071 1258.071 1258.071 1258.076 1258.083 1258.089 1258.095 1258.101 1258.108 1258.114 1258.120 1258.126 1258.133 1258.139 1258.145 1258.151 1258.158 1258.164 1258.170 1258.176 1258.183 1258.189 1258.195 1258.201 1258.208 1258.214 1258.220 1258.226 1258.233 1258.239 1258.245 1258.251 1258.258 1258.264 1258.270 1258.276 1258.283 1258.289 1258.295 1258.301 1258.308 1258.314 1258.320 1258.326
1289.016 1289.010 1289.004 1288.997 1288.991 1288.985 1288.979 1288.972 1288.966 1288.960 1288.954 1288.947 1288.941 1288.935 1288.929 1288.922 1288.916 1288.910 1288.904 1288.897 1288.891 1288.885 1288.879 1288.872 1288.866 0.000 1288.860 1288.860 1288.860 1288.860 1288.860 1288.860 1288.864 1288.870 1288.877 1288.883 1288.889 1288.895 1288.902 1288.908 1288.914 1288.920 1288.927 1288.933 1288.939 1288.945 1288.952 1288.958 1288.964 1288.970 1288.977 1288.983 1288.989 1288.995 1289.002 1289.008 1289.014 1289.020 1289.027 1289.033 1289.039 1289.045 1289.052 1289.058 1289.064 1289.070 1289.077 1289.083 1289.089 1289.095 1289.102 1289.108 1289.114 1289.120 1289.127
1319.805 1319.799 1319.793 1319.787 1319.780 1319.774 1319.768 1319.762 1319.755 1319.749 1319.743 1319.737 1319.730 1319.724 1319.718 1319.712 1319.705 1319.699 1319.693 1319.687 1319.680 1319.674 1319.668 1319.662 1319.655 0.000 1319.649 1319.649 1319.649 1319.649 1319.652 1319.658 1319.664 1319.670 1319.677 1319.683 1319.689 1319.695 1319.702 1319.708 1319.714 1319.720 1319.727 1319.733 1319.739 1319.745 1319.752 1319.758 1319.764 1319.770 1319.777 1319.783 1319.789 1319.795 1319.802 1319.808 1319.814 1319.820 1319.827 1319.833 1319.839 1319.845 1319.852 1319.858 1319.864 1319.870 1319.877 1319.883 1319.889 1319.895 1319.902 1319.908 1319.914 1319.920 1319.927
1350.595 1350.588 1350.582 1350.576 1350.570 1350.563 1350.557 1350.551 1350.545 1350.538 1350.532 1350.526 1350.520 1350.513 1350.507 1350.501 1350.495 1350.488 1350.482 1350.476 1350.470 1350.463 1350.457 1350.451 1350.445 0.000 1350.438 1350.438 1350.439 1350.446 1350.452 1350.458 1350.464 1350.471 1350.477 1350.483 1350.489 1350.496 1350.502 1350.508 1350.514 1350.521 1350.527 1350.533 1350.539 1350.546 1350.552 1350.558 1350.564 1350.571 1350.577 1350.583 1350.589 1350.596 1350.602 1350.608 1350.614 1350.621 1350.627 1350.633 1350.639 1350.646 1350.652 1350.658 1350.664 1350.671 1350.677 1350.683 1350.689 1350.696 1350.702 1350.708 1350.714 1350.721 1350.727
1381.384 1381.377 1381.371 1381.365 1381.359 1381.352 1381.346 1381.340 1381.334 1381.327 1381.321 1381.315 1381.309 1381.302 1381.296 1381.290 1381.284 1381.277 1381.271 1381.265 1381.259 1381.252 1381.246 1381.240 1381.234 0.000 1381.227 1381.233 1381.239 1381.246 1381.252 1381.258 1381.264 1381.271 1381.277 1381.283 1381.290 1381.296 1381.302 1381.308 1381.315 1381.321 1381.327 1381.333 1381.340 1381.346 1381.352 1381.358 1381.365 1381.371 1381.377 1381.383 1381.390 1381.396 1381.402 1381.408 1381.415 1381.421 1381.427 1381.433 1381.440 1381.446 1381.452 1381.458 1381.465 1381.471 1381.477 1381.483 1381.490 1381.496 1381.502 1381.508 1381.515 1381.521 1381.527
1389.633 1389.627 1389.621 1389.614 1389.608 1389.602 1389.596 1389.589 1389.583 1389.577 1389.571 1389.564 1389.558 1389.552 1389.546 1389.539 1389.533 1389.527 1389.521 1389.514 1389.508 1389.502 1389.496 1389.489 1389.483 0.000 1389.487 1389.493 1389.499 1389.506 1389.512 1389.518 1389.524 1389.531 1389.537 1389.543 1389.549 1389.556 1389.562 1389.568 1389.574 1389.581 1389.587 1389.593 1389.599 1389.606 1389.612 1389.618 1389.624 1389.631 1389.637 1389.643 1389.649 1389.656 1389.662 1389.668 1389.674 1389.681 1389.687 1389.693 1389.699 1389.706 1389.712 1389.718 1389.724 1389.731 1389.737 1389.743 1389.749 1389.756 1389.762 1389.768 1389.774 1389.781 1389.787
1362.670 1362.664 1362.658 1362.652 1362.645 1362.639 1362.633 1362.627 1362.620 1362.614 1362.608 1362.602 1362.595 1362.589 1362.583 1362.577 1362.570 1362.564 1362.558 1362.552 1362.545 1362.539 1362.533 1362.528 1362.528 0.000 1362.534 1362.540 1362.546 1362.553 1362.559 1362.565 1362.571 1362.578 1362.584 1362.590 1362.596 1362.603 1362.609 1362.615 1362.621 1362.628 1362.634 1362.640 1362.646 1362.653 1362.659 1362.665 1362.671 1362.678 1362.684 1362.690 1362.696 1362.703 1362.709 1362.715 1362.721 1362.728 1362.734 1362.740 1362.746 1362.753 1362.759 1362.765 1362.771 1362.778 1362.784 1362.790 1362.796 1362.803 1362.809 1362.815 1362.821 1362.828 1362.834
1335.708 1335.702 1335.695 1335.689 1335.683 1335.677 1335.670 1335.664 1335.658 1335.652 1335.645 1335.639 1335.633 1335.627 1335.620 1335.614 1335.608 1335.602 1335.595 1335.589 1335.583 1335.577 1335.575 1335.575 1335.575 0.000 1335.581 1335.587 1335.593 1335.600 1335.606 1335.612 1335.618 1335.625 1335.631 1335.637 1335.643 1335.650 1335.656 1335.662 1335.668 1335.675 1335.681 1335.687 1335.693 1335.700 1335.706 1335.712 1335.718 1335.725 1335.731 1335.737 1335.743 1335.750 1335.756 1335.762 1335.768 1335.775 1335.781 1335.787 1335.793 1335.800 1335.806 1335.812 1335.818 1335.825 1335.831 1335.837 1335.843 1335.850 1335.856 1335.862 1335.868 1335.875 1335.881
1308.745 1308.739 1308.733 1308.726 1308.720 1308.714 1308.708 1308.701 1308.695 1308.689 1308.683 1308.676 1308.670 1308.664 1308.658 1308.651 1308.645 1308.639 1308.633 1308.626 1308.622 1308.622 1308.622 1308.622 1308.622 0.000 1308.628 1308.634 1308.640 1308.647 1308.653 1308.659 1308.665 1308.672 1308.678 1308.684 1308.690 1308.697 1308.703 1308.709 1308.715 1308.722 1308.728 1308.734 1308.740 1308.747 1308.753 1308.759 1308.765 1308.772 1308.778 1308.784 1308.790 1308.797 1308.803 1308.809 1308.815 1308.822 1308.828 1308.834 1308.840 1308.847 1308.853 1308.859 1308.865 1308.872 1308.878 1308.884 1308.890 1308.897 1308.903 1308.909 1308.915 1308.922 1308.928
1281.783 1281.776 1281.770 1281.764 1281.758 1281.751 1281.745 1281.739 1281.733 1281.726 1281.720 1281.714 1281.708 1281.701 1281.695 1281.689 1281.683 1281.676 1281.670 1281.669 1281.669 1281.669 1281.669 1281.669 1281.669 0.000 1281.675 1281.681 1281.687 1281.694 1281.700 1281.706 1281.712 1281.719 1281.725 1281.731 1281.737 1281.744 1281.750 1281.756 1281.762 1281.769 1281.775 1281.781 1281.787 1281.794 1281.800 1281.806 1281.812 1281.819 1281.825 1281.831 1281.837 1281.844 1281.850 1281.856 1281.862 1281.869 1281.875 1281.881 1281.887 1281.894 1281.900 1281.906 1281.912 1281.919 1281.925 1281.931 1281.937 1281.944 1281.950 1281.956 1281.962 1281.969 1281.975
1254.820 1254.814 1254.807 1254.801 1254.795 1254.789 1254.782 1254.776 1254.770 1254.764 1254.757 1254.751 1254.745 1254.739 1254.732 1254.726 1254.720 1254.716 1254.716 1254.716 1254.716 1254.716 1254.716 1254.716 1254.716 0.000 1254.722 1254.728 1254.734 1254.741 1254.747 1254.753 1254.759 1254.766 1254.772 1254.778 1254.784 1254.791 1254.797 1254.803 1254.809 1254.816 1254.822 1254.828 1254.834 1254.841 1254.847 1254.853 1254.859 1254.866 1254.872 1254.878 1254.884 1254.891 1254.897 1254.903 1254.909 1254.916 1254.922 1254.928 1254.934 1254.941 1254.947 1254.953 1254.959 1254.966 1254.972 1254.978 1254.984 1254.991 1254.997 1255.003 1255.009 1255.016 1255.022
1227.857 1227.851 1227.845 1227.839 1227.832 1227.826 1227.820 1227.813 1227.807 1227.801 1227.795 1227.788 1227.782 1227.776 1227.770 1227.763 1227.762 1227.762 1227.762 1227.762 1227.762 1227.762 1227.762 1227.762 1227.762 0.000 1227.769 1227.775 1227.781 1227.788 1227.794 1227.800 1227.806 1227.813 1227.819 1227.825 1227.831 1227.838 1227.844 1227.850 1227.856 1227.863 1227.869 1227.875 1227.881 1227.888 1227.894 1227.900 1227.906 1227.913 1227.919 1227.925 1227.931 1227.938 1227.944 1227.950 1227.956 1227.963 1227.969 1227.975 1227.981 1227.988 1227.994 1228.000 1228.006 1228.013 1228.019 1228.025 1228.031 1228.038 1228.044 1228.050 1228.056 1228.063 1228.069
1200.895 1200.888 1200.882 1200.876 1200.870 1200.863 1200.857 1200.851 1200.845 1200.838 1200.832 1200.826 1200.820 1200.813 1200.809 1200.809 1200.809 1200.809 1200.809 1200.809 1200.809 1200.809 1200.809 1200.809 1200.809 0.000 1200.816 1200.822 1200.828 1200.834 1200.841 1200.847 1200.853 1200.859 1200.866 1200.872 1200.878 1200.885 1200.891 1200.897 1200.903 1200.910 1200.916 1200.922 1200.928 1200.935 1200.941 1200.947 1200.953 1200.960 1200.966 1200.972 1200.978 1200.985 1200.991 1200.997 1201.003 1201.010 1201.016 1201.022 1201.028 1201.035 1201.041 1201.047 1201.053 1201.060 1201.066 1201.072 1201.078 1201.085 1201.091 1201.097 1201.103 1201.110 1201.116
1173.932 1173.926 1173.919 1173.913 1173.907 1173.901 1173.894 1173.888 1173.882 1173.876 1173.869 1173.863 1173.857 1173.856 1173.856 1173.856 1173.856 1173.856 1173.856 1173.856 1173.856 1173.856 1173.856 1173.856 1173.856 0.000 1173.863 1173.869 1173.875 1173.881 1173.888 1173.894 1173.900 1173.906 1173.913 1173.919 1173.925 1173.931 1173.938 1173.944 1173.950 1173.956 1173.963 1173.969 1173.975 1173.981 1173.988 1173.994 1174.000 1174.007 1174.013 1174.019 1174.025 1174.032 1174.038 1174.044 1174.050 1174.057 1174.063 1174.069 1174.075 1174.082 1174.088 1174.094 1174.100 1174.107 1174.113 1174.119 1174.125 1174.132 1174.138 1174.144 1174.150 1174.157 1174.163
