test_output/google_earth_terrain_002.asc
ncols 640
nrows 640
xllcorner -10018754.171395
yllcorner -20037508.343039
cellsize 15654.303393
NODATA_value -9999
[rows 102 to 135 of 640, columns 525 to 599 of 640]
642.517 642.517 642.517 642.517 642.517 642.517 642.517 642.517 642.517 642.517 642.517 642.517 642.517 642.517 642.517 642.517 642.517 642.517 642.517 642.517 642.517 642.517 642.517 642.517 642.517 642.517 642.517 642.517 642.517 642.517 642.517 642.517 642.517 642.517 642.517 642.517 642.517 642.517 642.517 642.517 642.517 642.517 642.517 642.517 642.517 642.517 642.517 642.517 642.517 642.517 642.517 642.517 642.517 642.517 642.517 642.517 642.517 642.517 642.517 642.517 642.517 642.517 642.517 642.517 642.517 642.517 642.517 642.517 642.517 642.517 642.517 642.517 642.517 642.517 642.517
673.317 673.317 673.317 673.317 673.317 673.317 673.317 673.317 673.317 673.317 673.317 673.317 673.317 673.317 673.317 673.317 673.317 673.317 673.317 673.317 673.317 673.317 673.317 673.317 673.317 673.317 673.317 673.317 673.317 673.317 673.317 673.317 673.317 673.317 673.317 673.317 673.317 673.317 673.317 673.317 673.317 673.317 673.317 673.317 673.317 673.317 673.317 673.317 673.317 673.317 673.317 673.317 673.317 673.317 673.317 673.317 673.317 673.317 673.317 673.317 673.317 673.317 673.317 673.317 673.317 673.317 673.317 673.317 673.317 673.317 673.317 673.317 673.317 673.317 673.317
704.117 704.117 704.117 704.117 704.117 704.117 704.117 704.117 704.117 704.117 704.117 704.117 704.117 704.117 704.117 704.117 704.117 704.117 704.117 704.117 704.117 704.117 704.117 704.117 704.117 704.117 704.117 704.117 704.117 704.117 704.117 704.117 704.117 704.117 704.117 704.117 704.117 704.117 704.117 704.117 704.117 704.117 704.117 704.117 704.117 704.117 704.117 704.117 704.117 704.117 704.117 704.117 704.117 704.117 704.117 704.117 704.117 704.117 704.117 704.117 704.117 704.117 704.117 704.117 704.117 704.117 704.117 704.117 704.117 704.117 704.117 704.117 704.117 704.117 704.117
734.917 734.917 734.917 734.917 734.917 734.917 734.917 734.917 734.917 734.917 734.917 734.917 734.917 734.917 734.917 734.917 734.917 734.917 734.917 734.917 734.917 734.917 734.917 734.917 734.917 734.917 734.917 734.917 734.917 734.917 734.917 734.917 734.917 734.917 734.917 734.917 734.917 734.917 734.917 734.917 734.917 734.917 734.917 734.917 734.917 734.917 734.917 734.917 734.917 734.917 734.917 734.917 734.917 734.917 734.917 734.917 734.917 734.917 734.917 734.917 734.917 734.917 734.917 734.917 734.917 734.917 734.917 734.917 734.917 734.917 734.917 734.917 734.917 734.917 734.917
765.718 765.718 765.718 765.718 765.718 765.718 765.718 765.718 765.718 765.718 765.718 765.718 765.718 765.718 765.718 765.718 765.718 765.718 765.718 765.718 765.718 765.718 765.718 765.718 765.718 765.718 765.718 765.718 765.718 765.718 765.718 765.718 765.718 765.718 765.718 765.718 765.718 765.718 765.718 765.718 765.718 765.718 765.718 765.718 765.718 765.718 765.718 765.718 765.718 765.718 765.718 765.718 765.718 765.718 765.718 765.718 765.718 765.718 765.718 765.718 765.718 765.718 765.718 765.718 765.718 765.718 765.718 765.718 765.718 765.718 765.718 765.718 765.718 765.718 765.718
796.518 796.518 796.518 796.518 796.518 796.518 796.518 796.518 796.518 796.518 796.518 796.518 796.518 796.518 796.518 796.518 796.518 796.518 796.518 796.518 796.518 796.518 796.518 796.518 796.518 796.518 796.518 796.518 796.518 796.518 796.518 796.518 796.518 796.518 796.518 796.518 796.518 796.518 796.518 796.518 796.518 796.518 796.518 796.518 796.518 796.518 796.518 796.518 796.518 796.518 796.518 796.518 796.518 796.518 796.518 796.518 796.518 796.518 796.518 796.518 796.518 796.518 796.518 796.518 796.518 796.518 796.518 796.518 796.518 796.518 796.518 796.518 796.518 796.518 796.518
827.318 827.318 827.318 827.318 827.318 827.318 827.318 827.318 827.318 827.318 827.318 827.318 827.318 827.318 827.318 827.318 827.318 827.318 827.318 827.318 827.318 827.318 827.318 827.318 827.318 827.318 827.318 827.318 827.318 827.318 827.318 827.318 827.318 827.318 827.318 827.318 827.318 827.318 827.318 827.318 827.318 827.318 827.318 827.318 827.318 827.318 827.318 827.318 827.318 827.318 827.318 827.318 827.318 827.318 827.318 827.318 827.318 827.318 827.318 827.318 827.318 827.318 827.318 827.318 827.318 827.318 827.318 827.318 827.318 827.318 827.318 827.318 827.318 827.318 827.318
858.118 858.118 858.118 858.118 858.118 858.118 858.118 858.118 858.118 858.118 858.118 858.118 858.118 858.118 858.118 858.118 858.118 858.118 858.118 858.118 858.118 858.118 858.118 858.118 858.118 858.118 858.118 858.118 858.118 858.118 858.118 858.118 858.118 858.118 858.118 858.118 858.118 858.118 858.118 858.118 858.118 858.118 858.118 858.118 858.118 858.118 858.118 858.118 858.118 858.118 858.118 858.118 858.118 858.118 858.118 858.118 858.118 858.118 858.118 858.118 858.118 858.118 858.118 858.118 858.118 858.118 858.118 858.118 858.118 858.118 858.118 858.118 858.118 858.118 858.118
888.918 888.918 888.918 888.918 888.918 888.918 888.918 888.918 888.918 888.918 888.918 888.918 888.918 888.918 888.918 888.918 888.918 888.918 888.918 888.918 888.918 888.918 888.918 888.918 888.918 888.918 888.918 888.918 888.918 888.918 888.918 888.918 888.918 888.918 888.918 888.918 888.918 888.918 888.918 888.918 888.918 888.918 888.918 888.918 888.918 888.918 888.918 888.918 888.918 888.918 888.918 888.918 888.918 888.918 888.918 888.918 888.918 888.918 888.918 888.918 888.918 888.918 888.918 888.918 888.918 888.918 888.918 888.918 888.918 888.918 888.918 888.918 888.918 888.918 888.918
919.718 919.718 919.718 919.718 919.718 919.718 919.718 919.718 919.718 919.718 919.718 919.718 919.718 919.718 919.718 919.718 919.718 919.718 919.718 919.718 919.718 919.718 919.718 919.718 919.718 919.718 919.718 919.718 919.718 919.718 919.718 919.718 919.718 919.718 919.718 919.718 919.718 919.718 919.718 919.718 919.718 919.718 919.718 919.718 919.718 919.718 919.718 919.718 919.718 919.718 919.718 919.718 919.718 919.718 919.718 919.718 919.718 919.718 919.718 919.718 919.718 919.718 919.718 919.718 919.718 919.718 919.718 919.718 919.718 919.718 919.718 919.718 919.718 919.718 919.718
950.519 950.519 950.519 950.519 950.519 950.519 950.519 950.519 950.519 950.519 950.519 950.519 950.519 950.519 950.519 950.519 950.519 950.519 950.519 950.519 950.519 950.519 950.519 950.519 950.519 950.519 950.519 950.519 950.519 950.519 950.519 950.519 950.519 950.519 950.519 950.519 950.519 950.519 950.519 950.519 950.519 950.519 950.519 950.519 950.519 950.519 950.519 950.519 950.519 950.519 950.519 950.519 950.519 950.519 950.519 950.519 950.519 950.519 950.519 950.519 950.519 950.519 950.519 950.519 950.519 950.519 950.519 950.519 950.519 950.519 950.519 950.519 950.519 950.519 950.519
981.319 981.319 981.319 981.319 981.319 981.319 981.319 981.319 981.319 981.319 981.319 981.319 981.319 981.319 981.319 981.319 981.319 981.319 981.319 981.319 981.319 981.319 981.319 981.319 981.319 981.319 981.319 981.319 981.319 981.319 981.319 981.319 981.319 981.319 981.319 981.319 981.319 981.319 981.319 981.319 981.319 981.319 981.319 981.319 981.319 981.319 981.319 981.319 981.319 981.319 981.319 981.319 981.319 981.319 981.319 981.319 981.319 981.319 981.319 981.319 981.319 981.319 981.319 981.319 981.319 981.319 981.319 981.319 981.319 981.319 981.319 981.319 981.319 981.319 981.319
1012.119 1012.119 1012.119 1012.119 1012.119 1012.119 1012.119 1012.119 1012.119 1012.119 1012.119 1012.119 1012.119 1012.119 1012.119 1012.119 1012.119 1012.119 1012.119 1012.119 1012.119 1012.119 1012.119 1012.119 1012.119 1012.119 1012.119 1012.119 1012.119 1012.119 1012.119 1012.119 1012.119 1012.119 1012.119 1012.119 1012.119 1012.119 1012.119 1012.119 1012.119 1012.119 1012.119 1012.119 1012.119 1012.119 1012.119 1012.119 1012.119 1012.119 1012.119 1012.119 1012.119 1012.119 1012.119 1012.119 1012.119 1012.119 1012.119 1012.119 1012.119 1012.119 1012.119 1012.119 1012.119 1012.119 1012.119 1012.119 1012.119 1012.119 1012.119 1012.119 1012.119 1012.119 1012.119
1042.919 1042.919 1042.919 1042.919 1042.919 1042.919 1042.919 1042.919 1042.919 1042.919 1042.919 1042.919 1042.919 1042.919 1042.919 1042.919 1042.919 1042.919 1042.919 1042.919 1042.919 1042.919 1042.919 1042.919 1042.919 1042.919 1042.919 1042.919 1042.919 1042.919 1042.919 1042.919 1042.919 1042.919 1042.919 1042.919 1042.919 1042.919 1042.919 1042.919 1042.919 1042.919 1042.919 1042.919 1042.919 1042.919 1042.919 1042.919 1042.919 1042.919 1042.919 1042.919 1042.919 1042.919 1042.919 1042.919 1042.919 1042.919 1042.919 1042.919 1042.919 1042.919 1042.919 1042.919 1042.919 1042.919 1042.919 1042.919 1042.919 1042.919 1042.919 1042.919 1042.919 1042.919 1042.919
1073.719 1073.719 1073.719 1073.719 1073.719 1073.719 1073.719 1073.719 1073.719 1073.719 1073.719 1073.719 1073.719 1073.719 1073.719 1073.719 1073.719 1073.719 1073.719 1073.719 1073.719 1073.719 1073.719 1073.719 1073.719 1073.719 1073.719 1073.719 1073.719 1073.719 1073.719 1073.719 1073.719 1073.719 1073.719 1073.719 1073.719 1073.719 1073.719 1073.719 1073.719 1073.719 1073.719 1073.719 1073.719 1073.719 1073.719 1073.719 1073.719 1073.719 1073.719 1073.719 1073.719 1073.719 1073.719 1073.719 1073.719 1073.719 1073.719 1073.719 1073.719 1073.719 1073.719 1073.719 1073.719 1073.719 1073.719 1073.719 1073.719 1073.719 1073.719 1073.719 1073.719 1073.719 1073.719
1104.519 1104.519 1104.519 1104.519 1104.519 1104.519 1104.519 1104.519 1104.519 1104.519 1104.519 1104.519 1104.519 1104.519 1104.519 1104.519 1104.519 1104.519 1104.519 1104.519 1104.519 1104.519 1104.519 1104.519 1104.519 1104.519 1104.519 1104.519 1104.519 1104.519 1104.519 1104.519 1104.519 1104.519 1104.519 1104.519 1104.519 1104.519 1104.519 1104.519 1104.519 1104.519 1104.519 1104.519 1104.519 1104.519 1104.519 1104.519 1104.519 1104.519 1104.519 1104.519 1104.519 1104.519 1104.519 1104.519 1104.519 1104.519 1104.519 1104.519 1104.519 1104.519 1104.519 1104.519 1104.519 1104.519 1104.519 1104.519 1104.519 1104.519 1104.519 1104.519 1104.519 1104.519 1104.519
1135.320 1135.320 1135.320 1135.320 1135.320 1135.320 1135.320 1135.320 1135.320 1135.320 1135.320 1135.320 1135.320 1135.320 1135.320 1135.320 1135.320 1135.320 1135.320 1135.320 1135.320 1135.320 1135.320 1135.320 1135.320 1135.320 1135.320 1135.320 1135.320 1135.320 1135.320 1135.320 1135.320 1135.320 1135.320 1135.320 1135.320 1135.320 1135.320 1135.320 1135.320 1135.320 1135.320 1135.320 1135.320 1135.320 1135.320 1135.320 1135.320 1135.320 1135.320 1135.320 1135.320 1135.320 1135.320 1135.320 1135.320 1135.320 1135.320 1135.320 1135.320 1135.320 1135.320 1135.320 1135.320 1135.320 1135.320 1135.320 1135.320 1135.320 1135.320 1135.320 1135.320 1135.320 1135.320
1166.120 1166.120 1166.120 1166.120 1166.120 1166.120 1166.120 1166.120 1166.120 1166.120 1166.120 1166.120 1166.120 1166.120 1166.120 1166.120 1166.120 1166.120 1166.120 1166.120 1166.120 1166.120 1166.120 1166.120 1166.120 1166.120 1166.120 1166.120 1166.120 1166.120 1166.120 1166.120 1166.120 1166.120 1166.120 1166.120 1166.120 1166.120 1166.120 1166.120 1166.120 1166.120 1166.120 1166.120 1166.120 1166.120 1166.120 1166.120 1166.120 1166.120 1166.120 1166.120 1166.120 1166.120 1166.120 1166.120 1166.120 1166.120 1166.120 1166.120 1166.120 1166.120 1166.120 1166.120 1166.120 1166.120 1166.120 1166.120 1166.120 1166.120 1166.120 1166.120 1166.120 1166.120 1166.120
1196.920 1196.920 1196.920 1196.920 1196.920 1196.920 1196.920 1196.920 1196.920 1196.920 1196.920 1196.920 1196.920 1196.920 1196.920 1196.920 1196.920 1196.920 1196.920 1196.920 1196.920 1196.920 1196.920 1196.920 1196.920 1196.920 1196.920 1196.920 1196.920 1196.920 1196.920 1196.920 1196.920 1196.920 1196.920 1196.920 1196.920 1196.920 1196.920 1196.920 1196.920 1196.920 1196.920 1196.920 1196.920 1196.920 1196.920 1196.920 1196.920 1196.920 1196.920 1196.920 1196.920 1196.920 1196.920 1196.920 1196.920 1196.920 1196.920 1196.920 1196.920 1196.920 1196.920 1196.920 1196.920 1196.920 1196.920 1196.920 1196.920 1196.920 1196.920 1196.920 1196.920 1196.920 1196.920
1227.720 1227.720 1227.720 1227.720 1227.720 1227.720 1227.720 1227.720 1227.720 1227.720 1227.720 1227.720 1227.720 1227.720 1227.720 1227.720 1227.720 1227.720 1227.720 1227.720 1227.720 1227.720 1227.720 1227.720 1227.720 1227.720 1227.720 1227.720 1227.720 1227.720 1227.720 1227.720 1227.720 1227.720 1227.720 1227.720 1227.720 1227.720 1227.720 1227.720 1227.720 1227.720 1227.720 1227.720 1227.720 1227.720 1227.720 1227.720 1227.720 1227.720 1227.720 1227.720 1227.720 1227.720 1227.720 1227.720 1227.720 1227.720 1227.720 1227.720 1227.720 1227.720 1227.720 1227.720 1227.720 1227.720 1227.720 1227.720 1227.720 1227.720 1227.720 1227.720 1227.720 1227.720 1227.720
1258.520 1258.520 1258.520 1258.520 1258.520 1258.520 1258.520 1258.520 1258.520 1258.520 1258.520 1258.520 1258.520 1258.520 1258.520 1258.520 1258.520 1258.520 1258.520 1258.520 1258.520 1258.520 1258.520 1258.520 1258.520 1258.520 1258.520 1258.520 1258.520 1258.520 1258.520 1258.520 1258.520 1258.520 1258.520 1258.520 1258.520 1258.520 1258.520 1258.520 1258.520 1258.520 1258.520 1258.520 1258.520 1258.520 1258.520 1258.520 1258.520 1258.520 1258.520 1258.520 1258.520 1258.520 1258.520 1258.520 1258.520 1258.520 1258.520 1258.520 1258.520 1258.520 1258.520 1258.520 1258.520 1258.520 1258.520 1258.520 1258.520 1258.520 1258.520 1258.520 1258.520 1258.520 1258.520
1289.320 1289.320 1289.320 1289.320 1289.320 1289.320 1289.320 1289.320 1289.320 1289.320 1289.320 1289.320 1289.320 1289.320 1289.320 1289.320 1289.320 1289.320 1289.320 1289.320 1289.320 1289.320 1289.320 1289.320 1289.320 1289.320 1289.320 1289.320 1289.320 1289.320 1289.320 1289.320 1289.320 1289.320 1289.320 1289.320 1289.320 1289.320 1289.320 1289.320 1289.320 1289.320 1289.320 1289.320 1289.320 1289.320 1289.320 1289.320 1289.320 1289.320 1289.320 1289.320 1289.320 1289.320 1289.320 1289.320 1289.320 1289.320 1289.320 1289.320 1289.320 1289.320 1289.320 1289.320 1289.320 1289.320 1289.320 1289.320 1289.320 1289.320 1289.320 1289.320 1289.320 1289.320 1289.320
1320.121 1320.121 1320.121 1320.121 1320.121 1320.121 1320.121 1320.121 1320.121 1320.121 1320.121 1320.121 1320.121 1320.121 1320.121 1320.121 1320.121 1320.121 1320.121 1320.121 1320.121 1320.121 1320.121 1320.121 1320.121 1320.121 1320.121 1320.121 1320.121 1320.121 1320.121 1320.121 1320.121 1320.121 1320.121 1320.121 1320.121 1320.121 1320.121 1320.121 1320.121 1320.121 1320.121 1320.121 1320.121 1320.121 1320.121 1320.121 1320.121 1320.121 1320.121 1320.121 1320.121 1320.121 1320.121 1320.121 1320.121 1320.121 1320.121 1320.121 1320.121 1320.121 1320.121 1320.121 1320.121 1320.121 1320.121 1320.121 1320.121 1320.121 1320.121 1320.121 1320.121 1320.121 1320.121
1350.921 1350.921 1350.921 1350.921 1350.921 1350.921 1350.921 1350.921 1350.921 1350.921 1350.921 1350.921 1350.921 1350.921 1350.921 1350.921 1350.921 1350.921 1350.921 1350.921 1350.921 1350.921 1350.921 1350.921 1350.921 1350.921 1350.921 1350.921 1350.921 1350.921 1350.921 1350.921 1350.921 1350.921 1350.921 1350.921 1350.921 1350.921 1350.921 1350.921 1350.921 1350.921 1350.921 1350.921 1350.921 1350.921 1350.921 1350.921 1350.921 1350.921 1350.921 1350.921 1350.921 1350.921 1350.921 1350.921 1350.921 1350.921 1350.921 1350.921 1350.921 1350.921 1350.921 1350.921 1350.921 1350.921 1350.921 1350.921 1350.921 1350.921 1350.921 1350.921 1350.921 1350.921 1350.921
1381.721 1381.721 1381.721 1381.721 1381.721 1381.721 1381.721 1381.721 1381.721 1381.721 1381.721 1381.721 1381.721 1381.721 1381.721 1381.721 1381.721 1381.721 1381.721 1381.721 1381.721 1381.721 1381.721 1381.721 1381.721 1381.721 1381.721 1381.721 1381.721 1381.721 1381.721 1381.721 1381.721 1381.721 1381.721 1381.721 1381.721 1381.721 1381.721 1381.721 1381.721 1381.721 1381.721 1381.721 1381.721 1381.721 1381.721 1381.721 1381.721 1381.721 1381.721 1381.721 1381.721 1381.721 1381.721 1381.721 1381.721 1381.721 1381.721 1381.721 1381.721 1381.721 1381.721 1381.721 1381.721 1381.721 1381.721 1381.721 1381.721 1381.721 1381.721 1381.721 1381.721 1381.721 1381.721
1389.977 1389.977 1389.977 1389.977 1389.977 1389.977 1389.977 1389.977 1389.977 1389.977 1389.977 1389.977 1389.977 1389.977 1389.977 1389.977 1389.977 1389.977 1389.977 1389.977 1389.977 1389.977 1389.977 1389.977 1389.977 1389.977 1389.977 1389.977 1389.977 1389.977 1389.977 1389.977 1389.977 1389.977 1389.977 1389.977 1389.977 1389.977 1389.977 1389.977 1389.977 1389.977 1389.977 1389.977 1389.977 1389.977 1389.977 1389.977 1389.977 1389.977 1389.977 1389.977 1389.977 1389.977 1389.977 1389.977 1389.977 1389.977 1389.977 1389.977 1389.977 1389.977 1389.977 1389.977 1389.977 1389.977 1389.977 1389.977 1389.977 1389.977 1389.977 1389.977 1389.977 1389.977 1389.977
1363.014 1363.014 1363.014 1363.014 1363.014 1363.014 1363.014 1363.014 1363.014 1363.014 1363.014 1363.014 1363.014 1363.014 1363.014 1363.014 1363.014 1363.014 1363.014 1363.014 1363.014 1363.014 1363.014 1363.014 1363.014 1363.014 1363.014 1363.014 1363.014 1363.014 1363.014 1363.014 1363.014 1363.014 1363.014 1363.014 1363.014 1363.014 1363.014 1363.014 1363.014 1363.014 1363.014 1363.014 1363.014 1363.014 1363.014 1363.014 1363.014 1363.014 1363.014 1363.014 1363.014 1363.014 1363.014 1363.014 1363.014 1363.014 1363.014 1363.014 1363.014 1363.014 1363.014 1363.014 1363.014 1363.014 1363.014 1363.014 1363.014 1363.014 1363.014 1363.014 1363.014 1363.014 1363.014
1336.052 1336.052 1336.052 1336.052 1336.052 1336.052 1336.052 1336.052 1336.052 1336.052 1336.052 1336.052 1336.052 1336.052 1336.052 1336.052 1336.052 1336.052 1336.052 1336.052 1336.052 1336.052 1336.052 1336.052 1336.052 1336.052 1336.052 1336.052 1336.052 1336.052 1336.052 1336.052 1336.052 1336.052 1336.052 1336.052 1336.052 1336.052 1336.052 1336.052 1336.052 1336.052 1336.052 1336.052 1336.052 1336.052 1336.052 1336.052 1336.052 1336.052 1336.052 1336.052 1336.052 1336.052 1336.052 1336.052 1336.052 1336.052 1336.052 1336.052 1336.052 1336.052 1336.052 1336.052 1336.052 1336.052 1336.052 1336.052 1336.052 1336.052 1336.052 1336.052 1336.052 1336.052 1336.052
1309.089 1309.089 1309.089 1309.089 1309.089 1309.089 1309.089 1309.089 1309.089 1309.089 1309.089 1309.089 1309.089 1309.089 1309.089 1309.089 1309.089 1309.089 1309.089 1309.089 1309.089 1309.089 1309.089 1309.089 1309.089 1309.089 1309.089 1309.089 1309.089 1309.089 1309.089 1309.089 1309.089 1309.089 1309.089 1309.089 1309.089 1309.089 1309.089 1309.089 1309.089 1309.089 1309.089 1309.089 1309.089 1309.089 1309.089 1309.089 1309.089 1309.089 1309.089 1309.089 1309.089 1309.089 1309.089 1309.089 1309.089 1309.089 1309.089 1309.089 1309.089 1309.089 1309.089 1309.089 1309.089 1309.089 1309.089 1309.089 1309.089 1309.089 1309.089 1309.089 1309.089 1309.089 1309.089
1282.126 1282.126 1282.126 1282.126 1282.126 1282.126 1282.126 1282.126 1282.126 1282.126 1282.126 1282.126 1282.126 1282.126 1282.126 1282.126 1282.126 1282.126 1282.126 1282.126 1282.126 1282.126 1282.126 1282.126 1282.126 1282.126 1282.126 1282.126 1282.126 1282.126 1282.126 1282.126 1282.126 1282.126 1282.126 1282.126 1282.126 1282.126 1282.126 1282.126 1282.126 1282.126 1282.126 1282.126 1282.126 1282.126 1282.126 1282.126 1282.126 1282.126 1282.126 1282.126 1282.126 1282.126 1282.126 1282.126 1282.126 1282.126 1282.126 1282.126 1282.126 1282.126 1282.126 1282.126 1282.126 1282.126 1282.126 1282.126 1282.126 1282.126 1282.126 1282.126 1282.126 1282.126 1282.126
1255.164 1255.164 1255.164 1255.164 1255.164 1255.164 1255.164 1255.164 1255.164 1255.164 1255.164 1255.164 1255.164 1255.164 1255.164 1255.164 1255.164 1255.164 1255.164 1255.164 1255.164 1255.164 1255.164 1255.164 1255.164 1255.164 1255.164 1255.164 1255.164 1255.164 1255.164 1255.164 1255.164 1255.164 1255.164 1255.164 1255.164 1255.164 1255.164 1255.164 1255.164 1255.164 1255.164 1255.164 1255.164 1255.164 1255.164 1255.164 1255.164 1255.164 1255.164 1255.164 1255.164 1255.164 1255.164 1255.164 1255.164 1255.164 1255.164 1255.164 1255.164 1255.164 1255.164 1255.164 1255.164 1255.164 1255.164 1255.164 1255.164 1255.164 1255.164 1255.164 1255.164 1255.164 1255.164
1228.201 1228.201 1228.201 1228.201 1228.201 1228.201 1228.201 1228.201 1228.201 1228.201 1228.201 1228.201 1228.201 1228.201 1228.201 1228.201 1228.201 1228.201 1228.201 1228.201 1228.201 1228.201 1228.201 1228.201 1228.201 1228.201 1228.201 1228.201 1228.201 1228.201 1228.201 1228.201 1228.201 1228.201 1228.201 1228.201 1228.201 1228.201 1228.201 1228.201 1228.201 1228.201 1228.201 1228.201 1228.201 1228.201 1228.201 1228.201 1228.201 1228.201 1228.201 1228.201 1228.201 1228.201 1228.201 1228.201 1228.201 1228.201 1228.201 1228.201 1228.201 1228.201 1228.201 1228.201 1228.201 1228.201 1228.201 1228.201 1228.201 1228.201 1228.201 1228.201 1228.201 1228.201 1228.201
1201.238 1201.238 1201.238 1201.238 1201.238 1201.238 1201.238 1201.238 1201.238 1201.238 1201.238 1201.238 1201.238 1201.238 1201.238 1201.238 1201.238 1201.238 1201.238 1201.238 1201.238 1201.238 1201.238 1201.238 1201.238 1201.238 1201.238 1201.238 1201.238 1201.238 1201.238 1201.238 1201.238 1201.238 1201.238 1201.238 1201.238 1201.238 1201.238 1201.238 1201.238 1201.238 1201.238 1201.238 1201.238 1201.238 1201.238 1201.238 1201.238 1201.238 1201.238 1201.238 1201.238 1201.238 1201.238 1201.238 1201.238 1201.238 1201.238 1201.238 1201.238 1201.238 1201.238 1201.238 1201.238 1201.238 1201.238 1201.238 1201.238 1201.238 1201.238 1201.238 1201.238 1201.238 1201.238
1174.276 1174.276 1174.276 1174.276 1174.276 1174.276 1174.276 1174.276 1174.276 1174.276 1174.276 1174.276 1174.276 1174.276 1174.276 1174.276 1174.276 1174.276 1174.276 1174.276 1174.276 1174.276 1174.276 1174.276 1174.276 1174.276 1174.276 1174.276 1174.276 1174.276 1174.276 1174.276 1174.276 1174.276 1174.276 1174.276 1174.276 1174.276 1174.276 1174.276 1174.276 1174.276 1174.276 1174.276 1174.276 1174.276 1174.276 1174.276 1174.276 1174.276 1174.276 1174.276 1174.276 1174.276 1174.276 1174.276 1174.276 1174.276 1174.276 1174.276 1174.276 1174.276 1174.276 1174.276 1174.276 1174.276 1174.276 1174.276 1174.276 1174.276 1174.276 1174.276 1174.276 1174.276 1174.276
